     ym  events  mapped   reg  playoff
2024-09      58       0   0.0      0.0
2024-10     184     148 148.0      0.0
2024-11     181     181 181.0      0.0
2024-12     177     177 177.0      0.0
2025-01     193     191 191.0      0.0
2025-02     101     100 100.0      0.0
2025-03     225     225 225.0      0.0
2025-04     172     171 132.0     39.0
2025-05      54      38   0.0     38.0
2025-06      10       5   0.0      5.0
2025-09      70       0   0.0      0.0
2025-10     207     175 175.0      0.0
2025-11     203     203 203.0      0.0
2025-12     200     200 200.0      0.0
2026-01     218     217 217.0      0.0
2026-02      70      70  70.0      0.0
2026-03     235     235 235.0      0.0
2026-04     169     164 126.0     38.0
2026-05      48      34   0.0     34.0
2026-06       9       5   0.0      5.0
2026-09      63       2   2.0      0.0

Events with >=1 priced contract, by family x book x month:
ym                     2024-10  2024-11  2024-12  2025-01  2025-02  2025-03  2025-04  2025-05  2025-06  2025-10  2025-11  2025-12  2026-01  2026-02  2026-03  2026-04  2026-05  2026-06  2026-09
fam        book                                                                                                                                                                                 
G_SAVES    draftkings        0        0        0        0        0        0        0       21        5      138      202      199      216       70      233      162       34        5        2
           fanduel           0        0        0        0        0        0        1        0        4        0        0        0      169       69      232      159       34        5        2
           pinnacle          0        0        0        0       96      225       44       37        5      170      200      122      213       69      235      163       33        5        2
ML         draftkings      128      168      133      124      100      225      171       38        5      175      203      200      217       70      235      164       34        5        2
           fanduel          73      107       83      106      100      225      171       38        5      175      203      200      217       70      235      164       34        5        2
           pinnacle         75      114      105      121      100      225      171       38        5      175      203      200      217       70      235      164       34        5        2
OTHER      draftkings        0        0        0        0      100      225      169       38        5      175      203      200      217       70      235      164       34        5        2
           fanduel           1        3        0        1      100      225      169       38        5      175      203      200      217       70      235      164       34        5        2
           pinnacle          0        0        0        0        0        0        0        0        4        0        0        0        0        0        0        0        0        0        0
PL         draftkings      126      152      112       77      100      225      171       38        5      175      203      200      217       70      235      164       34        5        2
           fanduel         110      137      146      146      100      225      171       38        5      175      203      200      217       70      235      164       34        5        2
           pinnacle        109      132      135      140      100      225      171       38        5      175      203      200      217       70      235      164       34        5        2
P_AST      draftkings        0        0        0        0      100      225      169       38        5      175      203      200      217       70      235      164       34        5        2
           fanduel           0        0        0        0      100      225      169       38        5      175      203      200      217       70      235      158       24        3        2
           pinnacle          0        0        0        0      100      225      171       37        5      174      203      127      217       70      235      164       33        5        2
P_GOALS    draftkings        0        0        0        0      100      225      169       38        5      175      203      200      217       70      235      164       34        5        2
           fanduel           1       18       93      111      100      225      169       38        5      175      203      200      217       70      235      164       34        5        2
           pinnacle          0        0        0        0      100      225      171       37        5      174      203      127      217       70      235      164       33        5        2
P_PTS      draftkings        0        0        0        0      100      225      169       38        5      175      203      200      217       70      235      164       34        5        2
           fanduel           0        2       25       18      100      224      169       38        5      175      203      198      215       70      234      156       24        2        2
           pinnacle          0        0        0        0       47      225      171       37        5      174      203      127      217       70      235      164       33        5        2
P_SOG      draftkings        0        0        0        0      100      225      169       38        5      175      203      200      217       70      235      164       34        5        2
           fanduel           0        0        0        0      100      225      169       38        5      175      203      200      217       70      235      162       34        5        2
           pinnacle          0        0        0        0      100      225      171       37        5      174      203      127      217       70      235      164       33        5        2
TEAM_TOTAL draftkings       14       14       11       23      100      225      169       38        5      175      203      200      217       70      235      164       34        5        2
           fanduel         110      135      130      142      100      225      169       38        5      175      203      200      217       70      235      160       34        5        2
           pinnacle          0        0        0        0      100      225      171       38        5      174      203      163      217       70      235      164       34        5        2
TOTAL      draftkings      120      146       97       64      100      225      171       38        5      175      203      200      217       70      235      164       34        5        2
           fanduel         105      135      134      138      100      225      171       38        5      175      203      200      217       70      235      164       34        5        2
           pinnacle        111      134      141      144      100      225      171       38        5      175      203      200      217       70      235      164       34        5        2

Pregame share (updated < startsAt):
ym                     2024-10  2024-11  2024-12  2025-01  2025-02  2025-03  2025-04  2025-05  2025-06  2025-10  2025-11  2025-12  2026-01  2026-02  2026-03  2026-04  2026-05  2026-06  2026-09
fam        book                                                                                                                                                                                 
G_SAVES    draftkings      NaN      NaN      NaN      NaN      NaN      NaN      NaN     0.15     0.29     0.14     0.16     0.11     0.11     0.10     0.10     0.11     0.17     0.33     0.14
           fanduel         NaN      NaN      NaN      NaN      NaN      NaN     0.00      NaN     1.00      NaN      NaN      NaN     0.04     0.03     0.02     0.06     0.27     0.38     0.43
           pinnacle        NaN      NaN      NaN      NaN     0.10     0.10     0.09     0.09     0.23     0.12     0.09     0.08     0.10     0.08     0.07     0.15     0.17     0.62     0.00
ML         draftkings      0.0      0.0      0.0      0.0     0.00     0.00     0.00     0.00     0.00     0.00     0.00     0.00     0.00     0.00     0.00     0.00     0.00     0.00     0.00
           fanduel         0.0      0.0      0.0      0.0     0.00     0.00     0.00     0.00     0.00     0.00     0.00     0.00     0.00     0.00     0.00     0.00     0.00     0.00     0.00
           pinnacle        0.0      0.0      0.0      0.0     0.00     0.00     0.00     0.00     0.00     0.00     0.00     0.00     0.00     0.00     0.00     0.00     0.00     0.00     0.00
OTHER      draftkings      NaN      NaN      NaN      NaN     0.06     0.02     0.07     0.08     0.21     0.04     0.07     0.05     0.04     0.03     0.04     0.05     0.03     0.05     0.12
           fanduel         0.0      0.0      NaN      0.0     0.04     0.08     0.07     0.05     0.30     0.05     0.04     0.04     0.04     0.04     0.04     0.06     0.02     0.02     0.07
           pinnacle        NaN      NaN      NaN      NaN      NaN      NaN      NaN      NaN     1.00      NaN      NaN      NaN      NaN      NaN      NaN      NaN      NaN      NaN      NaN
PL         draftkings      0.0      0.0      0.0      0.0     0.01     0.01     0.02     0.01     0.00     0.00     0.00     0.00     0.00     0.02     0.00     0.00     0.01     0.00     0.00
           fanduel         0.0      0.0      0.0      0.0     0.01     0.02     0.02     0.01     0.00     0.01     0.01     0.01     0.01     0.01     0.01     0.01     0.00     0.01     0.00
           pinnacle        0.0      0.0      0.0      0.0     0.02     0.00     0.01     0.00     0.02     0.00     0.00     0.00     0.00     0.00     0.00     0.01     0.02     0.00     0.00
P_AST      draftkings      NaN      NaN      NaN      NaN     0.09     0.03     0.04     0.04     0.04     0.02     0.02     0.01     0.02     0.02     0.01     0.03     0.04     0.00     0.04
           fanduel         NaN      NaN      NaN      NaN     0.05     0.09     0.09     0.06     0.08     0.07     0.07     0.06     0.08     0.06     0.07     0.09     0.21     0.04     0.04
           pinnacle        NaN      NaN      NaN      NaN     0.07     0.04     0.09     0.03     0.02     0.02     0.03     0.02     0.01     0.03     0.00     0.11     0.08     0.42     0.00
P_GOALS    draftkings      NaN      NaN      NaN      NaN     0.04     0.02     0.04     0.05     0.03     0.03     0.02     0.02     0.03     0.04     0.03     0.04     0.02     0.01     0.06
           fanduel         0.0      0.0      0.0      0.0     0.07     0.09     0.09     0.08     0.05     0.08     0.08     0.07     0.07     0.08     0.07     0.09     0.09     0.07     0.11
           pinnacle        NaN      NaN      NaN      NaN     0.10     0.05     0.10     0.04     0.00     0.04     0.04     0.03     0.01     0.03     0.00     0.09     0.10     0.43     0.00
P_PTS      draftkings      NaN      NaN      NaN      NaN     0.08     0.03     0.03     0.04     0.02     0.02     0.02     0.01     0.02     0.03     0.02     0.04     0.05     0.02     0.05
           fanduel         NaN      0.0      0.0      0.0     0.04     0.08     0.08     0.04     0.03     0.05     0.07     0.05     0.06     0.05     0.06     0.08     0.20     0.00     0.05
           pinnacle        NaN      NaN      NaN      NaN     0.02     0.04     0.09     0.02     0.01     0.03     0.03     0.02     0.01     0.03     0.00     0.11     0.08     0.40     0.00
P_SOG      draftkings      NaN      NaN      NaN      NaN     0.07     0.02     0.06     0.06     0.03     0.05     0.10     0.05     0.03     0.04     0.03     0.05     0.04     0.02     0.31
           fanduel         NaN      NaN      NaN      NaN     0.08     0.12     0.13     0.10     0.10     0.11     0.11     0.12     0.12     0.10     0.15     0.14     0.19     0.07     0.19
           pinnacle        NaN      NaN      NaN      NaN     0.09     0.06     0.12     0.04     0.03     0.05     0.05     0.04     0.03     0.06     0.04     0.11     0.13     0.41     0.00
TEAM_TOTAL draftkings      0.0      0.0      0.0      0.0     0.00     0.00     0.00     0.00     0.00     0.00     0.00     0.00     0.00     0.00     0.00     0.00     0.00     0.00     0.00
           fanduel         0.0      0.0      0.0      0.0     0.01     0.01     0.01     0.00     0.00     0.01     0.01     0.01     0.01     0.00     0.00     0.01     0.01     0.03     0.00
           pinnacle        NaN      NaN      NaN      NaN     0.00     0.01     0.01     0.00     0.00     0.00     0.00     0.01     0.01     0.02     0.00     0.01     0.02     0.00     0.00
TOTAL      draftkings      0.0      0.0      0.0      0.0     0.01     0.01     0.01     0.02     0.02     0.00     0.00     0.00     0.00     0.00     0.00     0.00     0.00     0.00     0.00
           fanduel         0.0      0.0      0.0      0.0     0.00     0.00     0.00     0.00     0.00     0.01     0.01     0.01     0.00     0.01     0.00     0.01     0.00     0.01     0.01
           pinnacle        0.0      0.0      0.0      0.0     0.03     0.02     0.02     0.01     0.00     0.01     0.01     0.02     0.02     0.02     0.01     0.01     0.02     0.04     0.05

Settlement (player SOG results) by month:
     ym  events_with_player_sog
2025-11                     120
2025-12                     200
2026-01                     217
2026-02                      70
2026-03                     235
2026-04                     164
2026-05                      34
2026-06                       5
2026-09                       2

Pregame SOG over rows by book x line:
book  draftkings  fanduel
line                     
0.5          916     1886
1.5          814      906
2.5          824     1107
3.5          830     2115
4.5         1045     1607
5.5          897      727
6.5          592      344
7.5          258       48
